function mpc = case123
%--------------------------------------------------------------------------
% MATPOWER load case of the 15 nodes distribution feeder from 
%
% Simple and efficient method for load flow solution of radial distribution
% networks.
% D. Das, D.P. Kothari, A. Kalam.
% Electrical Power and Energy Systems 1995
% URL: http://www.sciencedirect.com/science/article/pii/0142061595000500
%--------------------------------------------------------------------------

%--------------------------------------------------------------------------
% additinal data for the case
%--------------------------------------------------------------------------
VSC = 4160;
ISC = 1;

P = 1e3*[ 0; ...                %150
    0; ...                %149
    13.3333333333333; ...
    6.66666666666667; ...
    0; ...                %3
    13.3333333333333; ...
    6.66666666666667; ...
    13.3333333333333; ...
    6.66666666666667; ...
    0; ...                %8
    13.3333333333333; ...
    6.66666666666667; ...
    13.3333333333333; ...
    6.66666666666667; ...
    0; ...                %13
    0; ...                %14
    0; ...                %15
    13.3333333333333; ...
    6.66666666666667; ...
    0; ...                %18
    13.3333333333333; ...
    13.3333333333333; ...
    0; ...                %21
    13.3333333333333; ...
    0; ...                %23
    13.3333333333333; ...
    0; ...                %25
    0; ...                %26
    0; ...                %27
    13.3333333333333; ...
    13.3333333333333; ...
    13.3333333333333; ...
    6.66666666666667; ...
    6.66666666666667; ...
    13.3333333333333; ...
    13.3333333333333; ...
    13.3333333333333; ...
    0; ...                %36
    13.3333333333333; ...
    6.66666666666667; ...
    6.66666666666667; ...
    0; ...                %40
    6.66666666666667; ...
    6.66666666666667; ...
    13.3333333333333; ...
    0; ...                %44
    6.66666666666667; ...
    6.66666666666667; ...
    35; ...
    70; ...
    46.6666666666667; ...
    13.3333333333333; ...
    6.66666666666667; ...
    13.3333333333333; ...
    13.3333333333333; ...
    0; ...                %54
    6.66666666666667; ...
    6.66666666666667; ...
    0; ...                %57
    6.66666666666667; ...
    6.66666666666667; ...
    6.66666666666667; ...
    0; ...                %61
    13.3333333333333; ...
    13.3333333333333; ...
    25; ...
    46.6666666666667; ...
    25; ...
    0; ...                %67
    6.66666666666667; ...
    13.3333333333333; ...
    6.66666666666667; ...
    13.3333333333333; ...
    0; ...                %72
    13.3333333333333; ...
    13.3333333333333; ...
    13.3333333333333; ...
    81.6666666666667; ...
    13.3333333333333; ...
    0; ...                %78
    13.3333333333333; ...
    13.3333333333333; ...
    0; ...                %81
    13.3333333333333; ...
    6.66666666666667; ...
    6.66666666666667; ...
    13.3333333333333; ...
    6.66666666666667; ...
    13.3333333333333; ...
    13.3333333333333; ...
    0; ...                %89
    13.3333333333333; ...
    0; ...                %91
    13.3333333333333; ...
    0; ...                %93
    13.3333333333333; ...
    6.66666666666667; ...
    6.66666666666667; ...
    0; ...                %97
    13.3333333333333; ...
    13.3333333333333; ...
    13.3333333333333; ...
    0; ...                %101
    6.66666666666667; ...
    13.3333333333333; ...
    13.3333333333333; ...
    0; ...                %105
    13.3333333333333; ...
    13.3333333333333; ...
    0; ...                %108
    13.3333333333333; ...
    0; ...                %110
    6.66666666666667; ...
    6.66666666666667; ...
    13.3333333333333; ...
    6.66666666666667; ...
    0; ...                %135
    0; ...                %152
    0; ...                %160
    0; ...                %197
    0; ...                %250
    0; ...                %300
    0]';                   %450

Q = 1e3*[ 0; ...                %150
    0; ...                %149
    6.66666666666667; ...
    3.33333333333333; ...
    0; ...                %3
    6.66666666666667; ...
    3.33333333333333; ...
    6.66666666666667; ...
    3.33333333333333; ...
    0; ...                %8
    6.66666666666667; ...
    3.33333333333333; ...
    6.66666666666667; ...
    3.33333333333333; ...
    0; ...                %13
    0; ...                %14
    0; ...                %15
    6.66666666666667; ...
    3.33333333333333; ...
    0; ...                %18
    6.66666666666667; ...
    6.66666666666667; ...
    0; ...                %21
    6.66666666666667; ...
    0; ...                %23
    6.66666666666667; ...
    0; ...                %25
    0; ...                %26
    0; ...                %27
    6.66666666666667; ...
    6.66666666666667; ...
    6.66666666666667; ...
    3.33333333333333; ...
    3.33333333333333; ...
    6.66666666666667; ...
    6.66666666666667; ...
    6.66666666666667; ...
    0; ...                %36
    6.66666666666667; ...
    3.33333333333333; ...
    3.33333333333333; ...
    0; ...                %40
    3.33333333333333; ...
    3.33333333333333; ...
    6.66666666666667; ...
    0; ...                %44
    3.33333333333333; ...
    3.33333333333333; ...
    25; ...
    50; ...
    31.6666666666667; ...
    6.66666666666667; ...
    3.33333333333333; ...
    6.66666666666667; ...
    6.66666666666667; ...
    0; ...                %54
    3.33333333333333; ...
    3.33333333333333; ...
    0; ...                %57
    3.33333333333333; ...
    3.33333333333333; ...
    3.33333333333333; ...
    0; ...                %61
    6.66666666666667; ...
    6.66666666666667; ...
    11.6666666666667; ...
    33.3333333333333; ...
    11.6666666666667; ...
    0; ...                %67
    3.33333333333333; ...
    6.66666666666667; ...
    3.33333333333333; ...
    6.66666666666667; ...
    0; ...                %72
    6.66666666666667; ...
    6.66666666666667; ...
    6.66666666666667; ...
    60; ...
    6.66666666666667; ...
    0; ...                %78
    6.66666666666667; ...
    6.66666666666667; ...
    0; ...                %81
    6.66666666666667; ...
    3.33333333333333 - 200; ...
    3.33333333333333; ...
    6.66666666666667; ...
    3.33333333333333; ...
    6.66666666666667; ...
    6.66666666666667 - 16.67; ...
    0; ...                %89
    6.66666666666667 - 16.67; ...
    0; ...                %91
    6.66666666666667 - 16.67; ...
    0; ...                %93
    6.66666666666667; ...
    3.33333333333333; ...
    3.33333333333333; ...
    0; ...                %97
    6.66666666666667; ...
    6.66666666666667; ...
    6.66666666666667; ...
    0; ...                %101
    3.33333333333333; ...
    6.66666666666667; ...
    6.66666666666667; ...
    0; ...                %105
    6.66666666666667; ...
    6.66666666666667; ...
    0; ...                %108
    6.66666666666667; ...
    0; ...                %110
    3.33333333333333; ...
    3.33333333333333; ...
    6.66666666666667; ...
    3.33333333333333; ...
    0; ...                %135
    0; ...                %152
    0; ...                %160
    0; ...                %197
    0; ...                %250
    0; ...                %300
    0]';                   %450

